8.492371e-01	-7.375366e-01	0.000000e+00
2.741404e-09	1.098967e+00	0.000000e+00
4.505964e-01	-6.762824e-02	0.000000e+00
6.201426e-01	-1.112182e-01	0.000000e+00
8.249275e-01	-4.208728e-01	0.000000e+00
4.091585e-01	2.954952e-01	0.000000e+00
6.552288e-01	-4.059692e-01	0.000000e+00
2.585870e-01	3.043723e-01	0.000000e+00
1.023729e-01	7.289533e-01	0.000000e+00
1.833037e-01	7.227327e-01	0.000000e+00
7.364315e-02	7.374088e-01	0.000000e+00
4.131762e-01	2.457230e-01	0.000000e+00
3.892398e-02	8.172710e-01	0.000000e+00
4.236603e-01	1.334518e-01	0.000000e+00
1.797660e-02	9.132967e-01	0.000000e+00
2.411396e-01	3.374596e-01	0.000000e+00
3.299316e-02	8.583570e-01	0.000000e+00
9.869776e-03	9.508801e-01	0.000000e+00
1.893366e-01	6.936200e-01	0.000000e+00
4.350989e-01	1.010882e-02	0.000000e+00
6.182718e-02	7.569236e-01	0.000000e+00
8.252810e-01	-4.540821e-01	0.000000e+00
6.259853e-01	-1.989621e-01	0.000000e+00
6.239138e-01	-1.487708e-01	0.000000e+00
4.200687e-01	1.489598e-01	0.000000e+00
4.312861e-01	5.609558e-02	0.000000e+00
6.348591e-01	-3.117318e-01	0.000000e+00
6.279941e-01	-2.322263e-01	0.000000e+00
4.189327e-01	1.822346e-01	0.000000e+00
4.260801e-01	8.923333e-02	0.000000e+00
2.056669e-01	5.780086e-01	0.000000e+00
4.384502e-01	-1.306079e-02	0.000000e+00
6.479685e-01	-3.912716e-01	0.000000e+00
1.299234e-02	9.324848e-01	0.000000e+00
6.254305e-01	-1.761740e-01	0.000000e+00
4.144827e-01	2.183739e-01	0.000000e+00
2.196789e-03	1.056344e+00	0.000000e+00
6.347778e-01	-2.762574e-01	0.000000e+00
2.659888e-02	8.901515e-01	0.000000e+00
4.316481e-01	3.559251e-02	0.000000e+00
8.441340e-01	-7.044163e-01	0.000000e+00
8.339094e-01	-5.830585e-01	0.000000e+00
3.541143e-03	1.017149e+00	0.000000e+00
1.971857e-01	6.719397e-01	0.000000e+00
8.297853e-01	-4.888266e-01	0.000000e+00
2.370960e-01	3.686627e-01	0.000000e+00
2.167153e-01	4.864967e-01	0.000000e+00
6.398892e-01	-3.641371e-01	0.000000e+00
9.977185e-05	1.064228e+00	0.000000e+00
1.973187e-01	6.385861e-01	0.000000e+00
2.131643e-01	5.457256e-01	0.000000e+00
4.173740e-01	2.001622e-01	0.000000e+00
6.219475e-01	-1.229511e-01	0.000000e+00
8.390040e-01	-6.406850e-01	0.000000e+00
2.022545e-01	5.943395e-01	0.000000e+00
5.220831e-02	7.797459e-01	0.000000e+00
4.409974e-01	-3.259820e-02	0.000000e+00
8.299494e-01	-5.217809e-01	0.000000e+00
6.424797e-01	-3.702818e-01	0.000000e+00
8.408620e-01	-6.806730e-01	0.000000e+00
8.263726e-01	-4.797847e-01	0.000000e+00
4.268452e-01	8.358258e-02	0.000000e+00
8.492371e-01	-7.375366e-01	0.000000e+00
8.360247e-01	-6.042856e-01	0.000000e+00
8.391503e-01	-6.615135e-01	0.000000e+00
9.747484e-03	9.898512e-01	0.000000e+00
2.247989e-01	4.616877e-01	0.000000e+00
2.447867e-01	3.196746e-01	0.000000e+00
8.368889e-01	-6.207104e-01	0.000000e+00
2.256342e-01	4.348365e-01	0.000000e+00
4.698332e-02	8.041998e-01	0.000000e+00
2.010242e-01	6.136202e-01	0.000000e+00
6.392241e-01	-3.307436e-01	0.000000e+00
2.133240e-01	5.093336e-01	0.000000e+00
6.300432e-01	-2.474098e-01	0.000000e+00
2.089042e-01	5.530198e-01	0.000000e+00
6.317700e-01	-2.640895e-01	0.000000e+00
2.328590e-01	3.959432e-01	0.000000e+00
8.312110e-01	-5.303952e-01	0.000000e+00
1.914498e-01	6.760254e-01	0.000000e+00
2.258636e-01	4.212730e-01	0.000000e+00
4.532599e-03	1.010081e+00	0.000000e+00
2.367511e-01	3.761317e-01	0.000000e+00
4.493149e-01	-4.899346e-02	0.000000e+00
4.765120e-02	7.935447e-01	0.000000e+00
2.314771e-05	1.098127e+00	0.000000e+00
2.680112e-02	8.781002e-01	0.000000e+00
4.463322e-01	-4.101222e-02	0.000000e+00
3.290234e-02	8.688839e-01	0.000000e+00
1.997814e-01	6.314577e-01	0.000000e+00
2.501739e-01	3.141507e-01	0.000000e+00
9.620505e-03	9.936637e-01	0.000000e+00
8.431602e-01	-6.973879e-01	0.000000e+00
8.320980e-01	-5.559985e-01	0.000000e+00
6.529124e-01	-4.030919e-01	0.000000e+00
2.135612e-01	5.049914e-01	0.000000e+00
2.303487e-01	4.074928e-01	0.000000e+00
6.373833e-01	-3.278893e-01	0.000000e+00
2.196474e-01	4.711733e-01	0.000000e+00
2.555288e-01	3.110417e-01	0.000000e+00
